1 0.00000 0.00000 0.00000
2 0.00000 0.02000 0.00000
3 0.00000 0.04000 0.00000
4 0.00000 0.06000 0.00000
5 0.00000 0.08000 0.00000
6 0.00000 0.10000 0.00000
7 0.02000 0.00000 0.00000
8 0.02000 0.02000 0.95708
9 0.02000 0.04000 1.96668
10 0.02000 0.06000 3.02620
11 0.02000 0.08000 3.95905
12 0.02000 0.10000 4.25249
13 0.04000 0.00000 0.00000
14 0.04000 0.02000 1.86163
15 0.04000 0.04000 3.88343
16 0.04000 0.06000 6.17907
17 0.04000 0.08000 8.55750
18 0.04000 0.10000 9.09187
19 0.06000 0.00000 0.00000
20 0.06000 0.02000 2.60600
21 0.06000 0.04000 5.52634
22 0.06000 0.06000 9.24916
23 0.06000 0.08000 15.00000
24 0.06000 0.10000 15.00000
25 0.08000 0.00000 0.00000
26 0.08000 0.02000 3.03604
27 0.08000 0.04000 6.36678
28 0.08000 0.06000 10.29123
29 0.08000 0.08000 15.00000
30 0.10000 0.00000 0.00000
31 0.10000 0.02000 3.17139
32 0.10000 0.04000 6.61348
33 0.10000 0.06000 10.54899
34 0.10000 0.08000 15.00000
